P1 1 600 15
P2 1 400 10
P3 2 300 8
P4 2 200 12
P5 3 150 6
P6 3 500 14
P7 4 250 9
P8 4 350 11
P9 5 100 5
P10 5 450 13
P11 6 200 7
P12 6 350 10
P13 7 150 8
P14 7 550 12
P15 8 300 6
P16 8 200 9
P17 9 400 11
P18 9 180 7
P19 10 250 8
P20 10 500 14
P21 11 120 5
P22 11 350 10
P23 12 280 9
P24 12 450 12
P25 13 190 6
P26 13 320 11
P27 14 420 13
P28 14 180 7
P29 15 300 8
P30 15 550 15
P31 16 140 5
P32 16 380 10
P33 17 260 9
P34 17 500 12
P35 18 210 7
P36 18 340 11
P37 19 160 6
P38 19 480 13
P39 20 290 8
P40 20 370 10
P41 21 150 5
P42 21 420 12
P43 22 230 7
P44 22 510 14
P45 23 190 6
P46 23 360 9
P47 24 280 8
P48 24 450 11
P49 25 170 5
P50 25 520 13
P51 26 240 7
P52 26 390 10
P53 27 310 9
P54 27 460 12
P55 28 200 6
P56 28 340 11
P57 29 270 8
P58 29 490 13
P59 30 180 5
P60 30 410 10
P61 31 220 7
P62 31 530 14
P63 32 160 6
P64 32 380 9
P65 33 290 8
